 time:(seconds)   20.1493244    
 time:(hours)     5.59703493E-03
 time:(days)      2.33209779E-04
 Lx:              8.00000000    
 Ly:              8.00000000    
 Lz:              400.000000    
 Nga:                     1
 Nma:                    15
 Nq:                     20
 NN:                     41
